{
    "cylindersMatrices": [
        [
            2.028159258316009e-7,
            -0.9999999657714511,
            0,
            0,
            0.9999999657714511,
            2.028159258316009e-7,
            0,
            0,
            0,
            0,
            1,
            0,
            0,
            -3.5773890018463135,
            -0.0037173673044890165,
            1
        ],
        [
            2.46178698759536e-7,
            -0.9999999225705358,
            -7.511360422540747e-9,
            0,
            0.9772310331707978,
            2.4393020836566137e-7,
            -0.2121776447909003,
            0,
            0.2121776447908985,
            2.8464485879453605e-8,
            0.9772311106002619,
            0,
            0,
            -3.4548890590667725,
            -0.0037173673044890165,
            1
        ],
        [
            1.839207750542471e-7,
            -0.9999999808063369,
            -3.587036090380025e-8,
            0,
            0.9094577286226975,
            1.839207750542471e-7,
            -0.415796346137288,
            0,
            0.415796346137288,
            3.587036090380025e-8,
            0.9094577478163606,
            0,
            0,
            -3.3323888778686523,
            -0.0037173673044890165,
            1
        ],
        [
            3.027580985914824e-8,
            -1.0000001363388789,
            -3.324670316828815e-8,
            0,
            0.8005278081461187,
            1.696539975171163e-8,
            -0.5992958376816517,
            0,
            0.5992958376816482,
            7.323657769120473e-8,
            0.8005276718072394,
            0,
            0,
            -3.2098889350891113,
            -0.0037173673044890165,
            1
        ],
        [
            0.0015084653032939599,
            -0.9999903679097297,
            -0.004149942613345559,
            0,
            0.6564427376429922,
            0.004120791076095642,
            -0.7543647553203527,
            0,
            0.754374502572631,
            -0.0015861782766606325,
            0.6564424378538085,
            0,
            0.0002771819999907166,
            -3.0948872566223145,
            -0.0044799139723181725,
            1
        ],
        [
            0.0015084747623443917,
            -0.999990391693478,
            -0.004149931563429021,
            0,
            0.48137847908247444,
            0.004363540153702772,
            -0.8765021389008218,
            0,
            0.8765117028810856,
            -0.000675382999684615,
            0.48138022858703877,
            0,
            0.00009239396604243666,
            -2.97238826751709,
            -0.003971549682319164,
            1
        ],
        [
            0.0015085867099955408,
            -0.9999902427662342,
            -0.00414992713849216,
            0,
            0.28297542433203304,
            0.00440720771658043,
            -0.959117025784316,
            0,
            0.9591259650051356,
            0.0002725758142858581,
            0.2829793225729329,
            0,
            -0.00009239396604243666,
            -2.8498897552490234,
            -0.0034631851594895124,
            1
        ],
        [
            0.0015084641065552518,
            -0.9999902986273046,
            -0.004149930988567974,
            0,
            0.07296309738570095,
            0.00424889202402845,
            -0.9973256378015805,
            0,
            0.9973335478644145,
            0.0012016853659346793,
            0.07296874821448895,
            0,
            -0.00027718208730220795,
            -2.727390766143799,
            -0.002954820403829217,
            1
        ],
        [
            1.3531316334081112e-7,
            -0.9999999559698587,
            2.343486471545475e-8,
            0,
            -0.1404346461198962,
            8.008212759591515e-9,
            -0.9900899060736386,
            0,
            0.990089906073635,
            8.708734000606455e-8,
            -0.140434602089762,
            0,
            0,
            -2.602388858795166,
            -0.003717367071658373,
            1
        ],
        [
            -5.669413560838166e-8,
            -1.0000000807711658,
            -3.459268071992483e-8,
            0,
            -0.3473120502696716,
            -5.669413560838166e-8,
            -0.9377497007623177,
            0,
            0.9377497007623177,
            3.459268071992483e-8,
            -0.34731213104083736,
            0,
            0,
            -2.479888916015625,
            -0.003717367071658373,
            1
        ],
        [
            -2.0881305573539066e-9,
            -1.0000000223143353,
            -3.69764450169896e-8,
            0,
            -0.539395053909292,
            -2.0881305573539066e-9,
            -0.8420528608388338,
            0,
            0.8420528608388338,
            3.69764450169896e-8,
            -0.5393950762236273,
            0,
            0,
            -2.357388973236084,
            -0.003717367071658373,
            1
        ],
        [
            -1.3016915545449592e-8,
            -1.0000000130169155,
            0,
            0,
            -0.705778584613654,
            -1.3016915545449592e-8,
            -0.7084325059838648,
            0,
            0.7084325059838648,
            0,
            -0.7057785976305695,
            0,
            0,
            -2.234889030456543,
            -0.003717367071658373,
            1
        ],
        [
            -0.004320567272777964,
            -0.9999902384440649,
            -0.000910784914310625,
            0,
            -0.8390760528857353,
            0.0041208143634250405,
            -0.5439985022009779,
            0,
            0.5439969521847274,
            -0.0015861714266947047,
            -0.8390856643532061,
            0,
            -0.000793915125541389,
            -2.119887113571167,
            -0.0038847143296152353,
            1
        ],
        [
            -0.004320635705193254,
            -0.9999902745693117,
            -0.0009107801490912948,
            0,
            -0.9354180369525285,
            0.004363574111442503,
            -0.35351676283889333,
            0,
            0.3535172908042341,
            -0.0006754487433582312,
            -0.9354277945219138,
            0,
            -0.0002646378707140684,
            -1.9973883628845215,
            -0.0037731495685875416,
            1
        ],
        [
            -0.004320666562670272,
            -0.999990248086972,
            -0.0009107973949760151,
            0,
            -0.9893516752879223,
            0.00440720857795851,
            -0.14547794729899,
            0,
            0.14548054311804037,
            0.0002725367909137688,
            -0.9893610692635448,
            0,
            0.0002646391512826085,
            -1.874889612197876,
            -0.003661584807559848,
            1
        ],
        [
            -0.004320496065759016,
            -0.9999901917625191,
            -0.0009107975633089183,
            0,
            -0.9976885365655068,
            0.004248901209791711,
            0.06781896290185507,
            0,
            -0.06781443193906789,
            0.0012017079786925677,
            -0.9976971082183468,
            0,
            0.0007939167553558946,
            -1.752390742301941,
            -0.003550020046532154,
            1
        ],
        [
            5.998800911566349e-8,
            -1.0000000249479328,
            1.5280683385299199e-9,
            0,
            0.9774577339269868,
            5.775073530500663e-8,
            -0.21113130578430717,
            0,
            0.21113130578430628,
            1.9426258823784792e-8,
            0.9774577089790538,
            0,
            0,
            -1.6251726150512695,
            -0.0037173673044890165,
            1
        ],
        [
            1.9019328867386776e-7,
            -0.9999999790349507,
            -1.508628955093627e-8,
            0,
            0.9104046992951593,
            1.81272717281189e-7,
            -0.4137187952839412,
            0,
            0.4137187952839376,
            5.627828159049386e-8,
            0.9104047202602081,
            0,
            0,
            -1.5026726722717285,
            -0.0037173673044890165,
            1
        ],
        [
            5.7430451505524616e-9,
            -1.0000000009014558,
            1.999849530420761e-8,
            0,
            0.8011687983469882,
            -7.545957192434116e-9,
            -0.5984384332227961,
            0,
            0.5984384332227961,
            1.999849530420761e-8,
            0.8011687974455319,
            0,
            0,
            -1.3801724910736084,
            -0.0037173673044890165,
            1
        ],
        [
            -2.171143620444127e-8,
            -1.0000000217114362,
            0,
            0,
            0.6559518503958444,
            -2.171143620444127e-8,
            -0.7548027645584909,
            0,
            0.7548027645584909,
            0,
            0.6559518286844082,
            0,
            0,
            -1.2576725482940674,
            -0.0037173673044890165,
            1
        ],
        [
            0.0005983565599052554,
            -0.999990262672668,
            -0.004374874270808959,
            0,
            0.4823750067627657,
            0.004120859992660542,
            -0.8759551325713559,
            0,
            0.8759646213264887,
            -0.0015861864103712264,
            0.482372758463093,
            0,
            0.00010993625619448721,
            -1.1426708698272705,
            -0.004521246533840895,
            1
        ],
        [
            0.0005983938516322951,
            -0.9999902442547537,
            -0.004374879812026222,
            0,
            0.2854700358039324,
            0.004363658222800382,
            -0.9583776935269626,
            0,
            0.958387440879811,
            -0.0006754163731059748,
            0.28546987082391695,
            0,
            0.000036645473301177844,
            -1.020171880722046,
            -0.003985326737165451,
            1
        ],
        [
            0.000598290713170968,
            -0.9999903020927654,
            -0.004374719177139497,
            0,
            0.07409686942333238,
            0.0044069786070988215,
            -0.9972413612049174,
            0,
            0.9972509194726875,
            0.00027253732698184763,
            0.07409873379292797,
            0,
            -0.00003664529140223749,
            -0.8976733684539795,
            -0.003449407871812582,
            1
        ],
        [
            0.0005982984889030263,
            -0.9999902777606984,
            -0.00437485662379089,
            0,
            -0.1392483554062416,
            0.004248893825362643,
            -0.990248400741951,
            0,
            0.9902573354957056,
            0.0012016819112439237,
            -0.1392444821663119,
            0,
            -0.00010993613977916539,
            -0.7751743793487549,
            -0.0029134880751371384,
            1
        ],
        [
            1.7096958515594451e-7,
            -0.9999999673495381,
            9.638218045893154e-8,
            0,
            -0.3463077794981899,
            -1.0566868979822175e-7,
            -0.9381209178768586,
            0,
            0.9381209178768586,
            9.638218045893154e-8,
            -0.34630774684775645,
            0,
            0,
            -0.6501724720001221,
            -0.0037173673044890165,
            1
        ],
        [
            6.331097601730562e-8,
            -1.0000000308640864,
            3.583469521117877e-9,
            0,
            -0.5374712446801908,
            -8.450235533530304e-8,
            -0.8432821134532063,
            0,
            0.8432821134532027,
            7.74901351974222e-8,
            -0.5374712755442843,
            0,
            0,
            -0.527672529220581,
            -0.0037173673044890165,
            1
        ],
        [
            7.330493012602801e-8,
            -1.0000000207109316,
            -6.5422689488059405e-9,
            0,
            -0.7050196538818874,
            -8.235427095826253e-8,
            -0.7091877953420607,
            0,
            0.7091877953420571,
            7.128733159333933e-8,
            -0.7050196745928261,
            0,
            0,
            -0.4051726162433624,
            -0.0037173673044890165,
            1
        ],
        [
            1.7651660044748496e-7,
            -0.999999991133036,
            2.755708550239433e-8,
            0,
            -0.8394410392892997,
            -1.4684096782957567e-7,
            -0.5434507556559076,
            0,
            0.5434507556559041,
            6.797678153702691e-8,
            -0.8394410304223641,
            0,
            0,
            -0.282672643661499,
            -0.0037173673044890165,
            1
        ],
        [
            -0.0044154307416892635,
            -0.9999903150447791,
            0.000021982982069346235,
            0,
            -0.9350166728448857,
            0.004120624504592385,
            -0.35457998755470044,
            0,
            0.35457644051556514,
            -0.0015861553690967867,
            -0.9350258156988502,
            0,
            -0.0008113505900837481,
            -0.16767075657844543,
            -0.003713321639224887,
            1
        ],
        [
            -0.004415626306760956,
            -0.9999902596954029,
            0.0000219473192641928,
            0,
            -0.9889700618098147,
            0.004363697848011938,
            -0.1480513172961162,
            0,
            0.1480497781533474,
            -0.000675443220941041,
            -0.9889796974968732,
            0,
            -0.00027044961461797357,
            -0.04517200589179993,
            -0.0037160187494009733,
            1
        ],
        [
            -0.004415536984320623,
            -0.9999902869335743,
            0.000021949867350379293,
            0,
            -0.9977643857391526,
            0.004407101062118501,
            0.06668492178665408,
            0,
            -0.06668436843713987,
            0.00027254656232011953,
            -0.9977741541845546,
            0,
            0.00027045109891332686,
            0.07732674479484558,
            -0.0037187158595770597,
            1
        ],
        [
            -0.00441572272260915,
            -0.9999903209813539,
            0.00002198213679882599,
            0,
            -0.9608796652160834,
            0.00424896911808359,
            0.2769338461886033,
            0,
            -0.2769312396856538,
            0.0012017213463533238,
            -0.9608891298731379,
            0,
            0.0008113523945212364,
            0.1998254954814911,
            -0.00372141320258379,
            1
        ],
        [
            8.595615952344815e-8,
            -1.0000000009299708,
            5.623892462836011e-10,
            0,
            0.8883707234190457,
            7.59989151610796e-8,
            -0.4591268448172734,
            0,
            0.4591268448172716,
            4.0391366695757824e-8,
            0.8883707224890744,
            0,
            0,
            0.3223681151866913,
            -0.0037173673044890165,
            1
        ],
        [
            -2.3297282769618732e-8,
            -1.0000000375673674,
            3.965755368540158e-8,
            0,
            0.77072702517922,
            -5.1837453884928664e-8,
            -0.6371655419065974,
            0,
            0.6371655419065974,
            3.965755368540158e-8,
            0.7707269876118508,
            0,
            0,
            0.4448682963848114,
            -0.0037173673044890165,
            1
        ],
        [
            -4.2290048796189694e-8,
            -1.0000000607330328,
            3.789740432580402e-8,
            0,
            0.6170323088649319,
            -7.917601863027812e-8,
            -0.7869378954421258,
            0,
            0.7869378954421258,
            3.789740432580402e-8,
            0.6170322481318973,
            0,
            0,
            0.5673682689666748,
            -0.0037173673044890165,
            1
        ],
        [
            1.515432170862141e-7,
            -0.9999999422645267,
            -9.04931241052509e-9,
            0,
            0.43601252473613883,
            1.0678066786340423e-7,
            -0.8999405329255268,
            0,
            0.8999405329255232,
            8.047578603509464e-8,
            0.43601258247161034,
            0,
            0,
            0.6898682117462158,
            -0.0037173673044890165,
            1
        ],
        [
            -0.0005652686450758893,
            -0.9999903197815385,
            -0.004379274961245017,
            0,
            0.2368154394743769,
            0.004120790221200821,
            -0.9715459862026066,
            0,
            0.9715545611711818,
            -0.0015861976717914672,
            0.23681073312084067,
            0,
            -0.00010386505164206028,
            0.8048698902130127,
            -0.004522053059190512,
            1
        ],
        [
            -0.0005651409973168597,
            -0.9999902313892015,
            -0.004379315137867934,
            0,
            0.025216912156142968,
            0.004363691414679849,
            -0.9996724595544251,
            0,
            0.9996818236900253,
            -0.0006754083620208462,
            0.02521421980130434,
            0,
            -0.00003462149470578879,
            0.9273688793182373,
            -0.003985595889389515,
            1
        ],
        [
            -0.0005651796524848152,
            -0.9999902443984663,
            -0.004379243244311937,
            0,
            -0.18896926533717284,
            0.004407151930129416,
            -0.9819731055026146,
            0,
            0.9819828325492388,
            0.0002725443369762104,
            -0.18896990705071204,
            0,
            0.00003462201857473701,
            1.0498673915863037,
            -0.003449138719588518,
            1
        ],
        [
            -0.0005651764448391106,
            -0.9999902462961856,
            -0.00437925749337964,
            0,
            -0.39308061341444755,
            0.0042489101301921295,
            -0.9194941914860664,
            0,
            0.9195038346529181,
            0.0012017201784573217,
            -0.3930791777944549,
            0,
            0.00010386560461483896,
            1.1723663806915283,
            -0.002912681084126234,
            1
        ],
        [
            -1.4805992698541104e-7,
            -1.0000000924832158,
            -7.611185637301787e-8,
            0,
            -0.5793348949213488,
            1.7522889805832165e-9,
            -0.8150897278784157,
            0,
            0.8150897278784193,
            -1.2057483900207444e-9,
            -0.5793349874045717,
            0,
            0,
            1.2973682880401611,
            -0.00371736753731966,
            1
        ],
        [
            2.2301855828743555e-7,
            -0.9999999494109488,
            2.1589919185771578e-8,
            0,
            -0.7390878417611475,
            -9.139469803187694e-8,
            -0.6736089822610438,
            0,
            0.6736089822610367,
            1.001932332655997e-7,
            -0.7390877911721248,
            0,
            0,
            1.4198682308197021,
            -0.00371736753731966,
            1
        ],
        [
            1.0317996368414128e-7,
            -0.9999999891543054,
            -1.8872361451371944e-8,
            0,
            -0.8657918627282002,
            -5.965276317354551e-8,
            -0.5004042653118059,
            0,
            0.5004042653118024,
            6.254400197747145e-8,
            -0.8657918518825127,
            0,
            0,
            1.5423682928085327,
            -0.00371736753731966,
            1
        ],
        [
            5.6515783164456934e-9,
            -1.0000000808859077,
            -7.796154832817592e-9,
            0,
            -0.952253505541254,
            -1.6091129895201561e-7,
            -0.3053087338354672,
            0,
            0.3053087338354654,
            3.3844564484297734e-8,
            -0.9522535864271688,
            0,
            0,
            1.6648682355880737,
            -0.00371736753731966,
            1
        ],
        [
            -0.004256436107736183,
            -0.9999902340370638,
            0.0011745842961468078,
            0,
            -0.9951749700415108,
            0.004120829828659689,
            -0.09802939927348797,
            0,
            0.09802360338534966,
            -0.001586174499021542,
            -0.995182791162371,
            0,
            -0.0007821241160854697,
            1.7798699140548706,
            -0.003501525614410639,
            1
        ],
        [
            -0.004256746987769233,
            -0.9999903524217314,
            0.0011745909023046508,
            0,
            -0.993307048268166,
            0.0043636697268299995,
            0.1154221338703314,
            0,
            -0.11542613422059045,
            -0.0006754182842643175,
            -0.9933160409682742,
            0,
            -0.00026070736930705607,
            1.9023689031600952,
            -0.0036454203072935343,
            1
        ],
        [
            -0.0042565412432384875,
            -0.9999902846889016,
            0.0011745932112887658,
            0,
            -0.9457037453748326,
            0.004407147552241031,
            0.32500010729038387,
            0,
            -0.32500211557067793,
            0.0002725482649665878,
            -0.9457133185876074,
            0,
            0.0002607091737445444,
            2.0248677730560303,
            -0.003789314767345786,
            1
        ],
        [
            -0.0042564725579641305,
            -0.9999902487568502,
            0.0011745908980209663,
            0,
            -0.8551795471234502,
            0.004248901932781379,
            0.5183144642869557,
            0,
            -0.5183144021289543,
            0.0012017065183549391,
            -0.8551892930215459,
            0,
            0.0007821263279765844,
            2.1473662853240967,
            -0.0039332094602286816,
            1
        ],
        [
            5.0319663102982304e-8,
            -1.000000036135134,
            -8.665116624229086e-9,
            0,
            0.7714087262422424,
            3.607080811818264e-8,
            -0.6363400422318186,
            0,
            0.6363400422318168,
            4.833030331496957e-8,
            0.771408690107108,
            0,
            0,
            2.2745845317840576,
            -0.0037173673044890165,
            1
        ],
        [
            4.83025459629971e-8,
            -1.0000000275343197,
            -3.679941329437497e-8,
            0,
            0.6188275094980682,
            4.83025459629971e-8,
            -0.7855269368755344,
            0,
            0.7855269368755344,
            3.679941329437497e-8,
            0.6188274819637485,
            0,
            0,
            2.3970844745635986,
            -0.0037173673044890165,
            1
        ],
        [
            -1.1116940257238639e-8,
            -1.0000000334790933,
            3.572521478645285e-8,
            0,
            0.4369758524798364,
            -5.58412480700099e-8,
            -0.8994732743710117,
            0,
            0.8994732743710117,
            3.572521478645285e-8,
            0.43697581900074134,
            0,
            0,
            2.5195844173431396,
            -0.0037173673044890165,
            1
        ],
        [
            1.1457158954897295e-7,
            -0.9999999516989693,
            -5.209260578453723e-8,
            0,
            0.23617831484265928,
            1.1457158954897295e-7,
            -0.9717096824648941,
            0,
            0.9717096824648941,
            5.209260578453723e-8,
            0.23617836314369,
            0,
            0,
            2.642084836959839,
            -0.0037173673044890165,
            1
        ],
        [
            -0.001477175260852448,
            -0.9999903207489993,
            -0.004161114959710943,
            0,
            0.026353315805472732,
            0.004120678799869992,
            -0.9996442669740979,
            0,
            0.9996516689404622,
            -0.0015862397164490005,
            0.026346902965185492,
            0,
            -0.00027141807368025184,
            2.7570865154266357,
            -0.004481984302401543,
            1
        ],
        [
            -0.001477047370018525,
            -0.9999902595355561,
            -0.004161148553524896,
            0,
            -0.18641364024515816,
            0.004363543758250543,
            -0.9824616685221663,
            0,
            0.9824702484318912,
            -0.0006754397244996824,
            -0.18641827612339767,
            0,
            -0.0000904724292922765,
            2.879585027694702,
            -0.003972239792346954,
            1
        ],
        [
            -0.0014769755262662443,
            -0.9999902632449,
            -0.0041611359548383575,
            0,
            -0.3920347314408552,
            0.004407047446804313,
            -0.9199398731628925,
            0,
            0.9199492436983334,
            0.0002725917418651136,
            -0.39203743037183614,
            0,
            0.00009047306957654655,
            3.0020835399627686,
            -0.0034624950494617224,
            1
        ],
        [
            -0.0014770864500466274,
            -0.9999902266999854,
            -0.004161118638684513,
            0,
            -0.5783536573894494,
            0.004248895924986229,
            -0.8157750574396481,
            0,
            0.8157847849697006,
            0.0012016076421197397,
            -0.5783542705351934,
            0,
            0.00027141868486069143,
            3.1245830059051514,
            -0.0029527500737458467,
            1
        ],
        [
            2.9493518738377134e-8,
            -1.0000000643374172,
            -8.805645990150879e-9,
            0,
            -0.7383663804343819,
            -1.2768050261513508e-7,
            -0.6743998939198264,
            0,
            0.6743998939198228,
            6.978136468660523e-8,
            -0.7383664447718061,
            0,
            0,
            3.249584913253784,
            -0.003717367770150304,
            1
        ],
        [
            1.71280531091611e-7,
            -1.0000000024665958,
            3.1618014872947242e-9,
            0,
            -0.8646471481416249,
            -1.5428500610426e-7,
            -0.5023796514029542,
            0,
            0.502379651402947,
            8.455318578626247e-8,
            -0.8646471506082491,
            0,
            0,
            3.372084379196167,
            -0.003717367770150304,
            1
        ],
        [
            2.028159258316009e-7,
            -0.9999999657714511,
            0,
            0,
            0.9999999657714511,
            2.028159258316009e-7,
            0,
            0,
            0,
            0,
            1,
            0,
            0,
            -3.5773890018463135,
            -0.0037173673044890165,
            1
        ],
        [
            2.46178698759536e-7,
            -0.9999999225705358,
            -7.511360422540747e-9,
            0,
            0.9772310331707978,
            2.4393020836566137e-7,
            -0.2121776447909003,
            0,
            0.2121776447908985,
            2.8464485879453605e-8,
            0.9772311106002619,
            0,
            0,
            -3.4548890590667725,
            -0.0037173673044890165,
            1
        ],
        [
            1.839207750542471e-7,
            -0.9999999808063369,
            -3.587036090380025e-8,
            0,
            0.9094577286226975,
            1.839207750542471e-7,
            -0.415796346137288,
            0,
            0.415796346137288,
            3.587036090380025e-8,
            0.9094577478163606,
            0,
            0,
            -3.3323888778686523,
            -0.0037173673044890165,
            1
        ],
        [
            3.027580985914824e-8,
            -1.0000001363388789,
            -3.324670316828815e-8,
            0,
            0.8005278081461187,
            1.696539975171163e-8,
            -0.5992958376816517,
            0,
            0.5992958376816482,
            7.323657769120473e-8,
            0.8005276718072394,
            0,
            0,
            -3.2098889350891113,
            -0.0037173673044890165,
            1
        ],
        [
            0.0015084653032939599,
            -0.9999903679097297,
            -0.004149942613345559,
            0,
            0.6564427376429922,
            0.004120791076095642,
            -0.7543647553203527,
            0,
            0.754374502572631,
            -0.0015861782766606325,
            0.6564424378538085,
            0,
            0.0002771819999907166,
            -3.0948872566223145,
            -0.0044799139723181725,
            1
        ],
        [
            0.0015084747623443917,
            -0.999990391693478,
            -0.004149931563429021,
            0,
            0.48137847908247444,
            0.004363540153702772,
            -0.8765021389008218,
            0,
            0.8765117028810856,
            -0.000675382999684615,
            0.48138022858703877,
            0,
            0.00009239396604243666,
            -2.97238826751709,
            -0.003971549682319164,
            1
        ],
        [
            0.0015085867099955408,
            -0.9999902427662342,
            -0.00414992713849216,
            0,
            0.28297542433203304,
            0.00440720771658043,
            -0.959117025784316,
            0,
            0.9591259650051356,
            0.0002725758142858581,
            0.2829793225729329,
            0,
            -0.00009239396604243666,
            -2.8498897552490234,
            -0.0034631851594895124,
            1
        ],
        [
            0.0015084641065552518,
            -0.9999902986273046,
            -0.004149930988567974,
            0,
            0.07296309738570095,
            0.00424889202402845,
            -0.9973256378015805,
            0,
            0.9973335478644145,
            0.0012016853659346793,
            0.07296874821448895,
            0,
            -0.00027718208730220795,
            -2.727390766143799,
            -0.002954820403829217,
            1
        ],
        [
            1.3531316334081112e-7,
            -0.9999999559698587,
            2.343486471545475e-8,
            0,
            -0.1404346461198962,
            8.008212759591515e-9,
            -0.9900899060736386,
            0,
            0.990089906073635,
            8.708734000606455e-8,
            -0.140434602089762,
            0,
            0,
            -2.602388858795166,
            -0.003717367071658373,
            1
        ],
        [
            -5.669413560838166e-8,
            -1.0000000807711658,
            -3.459268071992483e-8,
            0,
            -0.3473120502696716,
            -5.669413560838166e-8,
            -0.9377497007623177,
            0,
            0.9377497007623177,
            3.459268071992483e-8,
            -0.34731213104083736,
            0,
            0,
            -2.479888916015625,
            -0.003717367071658373,
            1
        ],
        [
            -2.0881305573539066e-9,
            -1.0000000223143353,
            -3.69764450169896e-8,
            0,
            -0.539395053909292,
            -2.0881305573539066e-9,
            -0.8420528608388338,
            0,
            0.8420528608388338,
            3.69764450169896e-8,
            -0.5393950762236273,
            0,
            0,
            -2.357388973236084,
            -0.003717367071658373,
            1
        ],
        [
            -1.3016915545449592e-8,
            -1.0000000130169155,
            0,
            0,
            -0.705778584613654,
            -1.3016915545449592e-8,
            -0.7084325059838648,
            0,
            0.7084325059838648,
            0,
            -0.7057785976305695,
            0,
            0,
            -2.234889030456543,
            -0.003717367071658373,
            1
        ],
        [
            -0.004320567272777964,
            -0.9999902384440649,
            -0.000910784914310625,
            0,
            -0.8390760528857353,
            0.0041208143634250405,
            -0.5439985022009779,
            0,
            0.5439969521847274,
            -0.0015861714266947047,
            -0.8390856643532061,
            0,
            -0.000793915125541389,
            -2.119887113571167,
            -0.0038847143296152353,
            1
        ],
        [
            -0.004320635705193254,
            -0.9999902745693117,
            -0.0009107801490912948,
            0,
            -0.9354180369525285,
            0.004363574111442503,
            -0.35351676283889333,
            0,
            0.3535172908042341,
            -0.0006754487433582312,
            -0.9354277945219138,
            0,
            -0.0002646378707140684,
            -1.9973883628845215,
            -0.0037731495685875416,
            1
        ],
        [
            -0.004320666562670272,
            -0.999990248086972,
            -0.0009107973949760151,
            0,
            -0.9893516752879223,
            0.00440720857795851,
            -0.14547794729899,
            0,
            0.14548054311804037,
            0.0002725367909137688,
            -0.9893610692635448,
            0,
            0.0002646391512826085,
            -1.874889612197876,
            -0.003661584807559848,
            1
        ],
        [
            -0.004320496065759016,
            -0.9999901917625191,
            -0.0009107975633089183,
            0,
            -0.9976885365655068,
            0.004248901209791711,
            0.06781896290185507,
            0,
            -0.06781443193906789,
            0.0012017079786925677,
            -0.9976971082183468,
            0,
            0.0007939167553558946,
            -1.752390742301941,
            -0.003550020046532154,
            1
        ],
        [
            5.998800911566349e-8,
            -1.0000000249479328,
            1.5280683385299199e-9,
            0,
            0.9774577339269868,
            5.775073530500663e-8,
            -0.21113130578430717,
            0,
            0.21113130578430628,
            1.9426258823784792e-8,
            0.9774577089790538,
            0,
            0,
            -1.6251726150512695,
            -0.0037173673044890165,
            1
        ],
        [
            1.9019328867386776e-7,
            -0.9999999790349507,
            -1.508628955093627e-8,
            0,
            0.9104046992951593,
            1.81272717281189e-7,
            -0.4137187952839412,
            0,
            0.4137187952839376,
            5.627828159049386e-8,
            0.9104047202602081,
            0,
            0,
            -1.5026726722717285,
            -0.0037173673044890165,
            1
        ],
        [
            5.7430451505524616e-9,
            -1.0000000009014558,
            1.999849530420761e-8,
            0,
            0.8011687983469882,
            -7.545957192434116e-9,
            -0.5984384332227961,
            0,
            0.5984384332227961,
            1.999849530420761e-8,
            0.8011687974455319,
            0,
            0,
            -1.3801724910736084,
            -0.0037173673044890165,
            1
        ],
        [
            -2.171143620444127e-8,
            -1.0000000217114362,
            0,
            0,
            0.6559518503958444,
            -2.171143620444127e-8,
            -0.7548027645584909,
            0,
            0.7548027645584909,
            0,
            0.6559518286844082,
            0,
            0,
            -1.2576725482940674,
            -0.0037173673044890165,
            1
        ],
        [
            0.0005983565599052554,
            -0.999990262672668,
            -0.004374874270808959,
            0,
            0.4823750067627657,
            0.004120859992660542,
            -0.8759551325713559,
            0,
            0.8759646213264887,
            -0.0015861864103712264,
            0.482372758463093,
            0,
            0.00010993625619448721,
            -1.1426708698272705,
            -0.004521246533840895,
            1
        ],
        [
            0.0005983938516322951,
            -0.9999902442547537,
            -0.004374879812026222,
            0,
            0.2854700358039324,
            0.004363658222800382,
            -0.9583776935269626,
            0,
            0.958387440879811,
            -0.0006754163731059748,
            0.28546987082391695,
            0,
            0.000036645473301177844,
            -1.020171880722046,
            -0.003985326737165451,
            1
        ],
        [
            0.000598290713170968,
            -0.9999903020927654,
            -0.004374719177139497,
            0,
            0.07409686942333238,
            0.0044069786070988215,
            -0.9972413612049174,
            0,
            0.9972509194726875,
            0.00027253732698184763,
            0.07409873379292797,
            0,
            -0.00003664529140223749,
            -0.8976733684539795,
            -0.003449407871812582,
            1
        ],
        [
            0.0005982984889030263,
            -0.9999902777606984,
            -0.00437485662379089,
            0,
            -0.1392483554062416,
            0.004248893825362643,
            -0.990248400741951,
            0,
            0.9902573354957056,
            0.0012016819112439237,
            -0.1392444821663119,
            0,
            -0.00010993613977916539,
            -0.7751743793487549,
            -0.0029134880751371384,
            1
        ],
        [
            1.7096958515594451e-7,
            -0.9999999673495381,
            9.638218045893154e-8,
            0,
            -0.3463077794981899,
            -1.0566868979822175e-7,
            -0.9381209178768586,
            0,
            0.9381209178768586,
            9.638218045893154e-8,
            -0.34630774684775645,
            0,
            0,
            -0.6501724720001221,
            -0.0037173673044890165,
            1
        ],
        [
            6.331097601730562e-8,
            -1.0000000308640864,
            3.583469521117877e-9,
            0,
            -0.5374712446801908,
            -8.450235533530304e-8,
            -0.8432821134532063,
            0,
            0.8432821134532027,
            7.74901351974222e-8,
            -0.5374712755442843,
            0,
            0,
            -0.527672529220581,
            -0.0037173673044890165,
            1
        ],
        [
            7.330493012602801e-8,
            -1.0000000207109316,
            -6.5422689488059405e-9,
            0,
            -0.7050196538818874,
            -8.235427095826253e-8,
            -0.7091877953420607,
            0,
            0.7091877953420571,
            7.128733159333933e-8,
            -0.7050196745928261,
            0,
            0,
            -0.4051726162433624,
